===============================================================================
 Language            Files        Lines         Code     Comments       Blanks
===============================================================================
 CSS                     3           56           55            1            0
 D                     205         3712         3282            0          430
 HTML                   98         3945         3769            0          176
 JavaScript             44          231          212           19            0
 Markdown                2          120            0           92           28
 SVG                     2           85           85            0            0
 Plain Text              8         1967            0         1643          324
 TOML                    1           14           11            1            2
-------------------------------------------------------------------------------
 Rust                   19         1897         1362          148          387
 |- Markdown            18          220            0          214            6
 (Total)                           2117         1362          362          393
===============================================================================
 Total                 382        12027         8776         1904         1347
===============================================================================
